 n_b=   4.9999999999999998E-008
 Y_e=  0.16801238553281778      mu_e=  0.83106847144909146      n_e=   8.4006192766408890E-009 ke=   6.2889397521387336E-003
 Y_n=  0.13618739501348795      mu_n=   6.7302900923273158E-003 n_n=   3.4046848753371983E-009 kn=   3.6939355059945056E-003
 mu_i  -99.028347377036710       -1817.2390143265570     
 sumZ=   1.2033956295064450E-008 n_e=   8.4006192766408890E-009 equN_1=   3.6333370184235606E-009
 sumA=   5.6827718333980168E-008 n_b=   4.9999999999999998E-008 n_n=   3.4046848753371983E-009 equN_2=   1.0232403209317369E-008
 Zi=   163761785.28856531      Ai=   773329101.42486739 
 
 
  n_b=   4.9999999999999998E-008
 Y_e=  0.14946162697314702      mu_e=  0.78730386016941767      n_e=   7.4730813486573506E-009 ke=   6.0483962664503732E-003
 Y_n=   2.7623002317690130E-019 mu_n=  -8.0887232716386750E-009 n_n=   6.9057505794225322E-027 kn=   4.6759224270331856E-009
 mu_i  -98.888140110374962       -1845.0030667310696     
 sumZ=   8.6380551816734973E-008 n_e=   7.4730813486573506E-009 equN_1=   7.8907470468077624E-008
 sumA=   1.1881660010945343E-007 n_b=   4.9999999999999998E-008 n_n=   6.9057505794225322E-027 equN_2=   6.8816600109453430E-008
 Zi=   213995417.89030910      Ai=   294351071.60084480     
 
 7230058
 
  7327826 
  
  
  n_b=   1.0537898473435031E-006
 Y_e=   7.1794679861071631E-003 mu_e=  0.79181696869052631      n_e=   7.5656504730874347E-009 ke=   6.0732676991043233E-003
 Y_n=   8.1416578898101813E-005 mu_n=  -1.5054117862875090E-003 n_n=   4.2897982124130490E-011 kn=   8.5955952283611747E-004
 mu_i  -98.829635181253352       -1816.2067061116877     
 sumZ=   4.2425045241045004E-007 n_e=   7.5656504730874347E-009 equN_1=   4.1668480193736260E-007
 sumA=   1.1367541923756364E-006 n_b=   1.0537898473435031E-006 n_n=   4.2897982124130490E-011 equN_2=   8.3007243014257422E-008
 pressure=   2.2667220734376581E-009 P_ext=   9.8663485904514678E-009
 lattice_pressure=  -1.2698765953627062E-010
 Zi=   8.6893703811212699      Ai=   23.282658047204617     
 
 
 WITH YE AND YN SET
  Ye from mu_e=   2.2854079363458183E-002
 n_b=   3.3004641083076554E-007
 Y_e=  0.44000000000000006      mu_e=  0.79071129070539492      n_e=   1.4522042076553685E-007 ke=   6.0671758389801989E-003
 Y_n=   0.0000000000000000      mu_n=  -2.5025786450782717E-003 n_n=   0.0000000000000000      kn=   1.4176371150259603E-003
 mu_i  -98.834750093404708       -1816.3880500473192     
 sumZ=   1.4522042076565956E-007 n_e=   1.4522042076553685E-007 equN_1=   1.2271389823346676E-019
 sumA=   3.3004641083105401E-007 n_b=   3.3004641083076554E-007 n_n=   0.0000000000000000      equN_2=   2.8846765809929266E-019
 pressure=   2.2577467548107561E-009 P_ext=   1.5786157744722347E-011 equN_3=  -6.2661652049625322E-020
 lattice_pressure=  -4.1794152937833136E-011
 lattice_pressure(n_b)=  -2.2419605971286954E-009
 Zi=   8.7214162042160162      Ai=   19.821400464127944 
 
  Ye from mu_e= -0.39877937008892317     
 mu_e check =   -4.6296300126869028E-014
 mu_n check =    2.4658013696961809E-004
 n_b=  -1.8503992689663161E-008
 Y_e= -0.39877937008892317      mu_e=  0.78268217602666268      n_e=   7.3790105489139147E-009 ke=   6.0229100488595755E-003
 Y_n=  -2.6349809118065762E-006 mu_n=  -1.2329006848516350E-004 n_n=   2.4378833764735429E-014 kn=   7.1198029940044982E-005
 mu_i  -98.737207135881235       -1815.0593000561607     
 sumZ=   4.1696839948441120      n_e=   7.3790105489139147E-009 equN_1=   4.1696839874651017     
 sumA=   11.695508308259896      n_b=  -1.8503992689663161E-008 n_n=   2.4378833764735429E-014 equN_2=   11.695508326763914     
 pressure=   2.1924564140209118E-009 P_ext=   5.9198091542708799E-006 equN_3=                       NaN
 lattice_pressure=                       NaN
 lattice_pressure(n_b)=                       NaN
 Zi=   40.205214487229455      Ai=   112.77123653787667  